0000  0  0.1  160001  51.6796  51.6796  1.09654  22.0542  21.9043
0001  1  0.1  160000  51.3551  51.3551  1.10052  22.014  21.9016
0002  2  0.1  160001  50.2463  50.2463  1.11659  22.0867  21.903
0003  3  0.1  160001  48.9474  48.9474  1.13785  22.0922  21.9136
0004  4  0.1  160001  47.5641  47.5641  1.16012  22.0857  21.8785
0005  5  0.1  160001  46.2165  46.2165  1.18498  22.1667  21.9245
0006  6  0.1  160001  44.7237  44.7237  1.20815  22.1791  21.9057
0007  7  0.1  160000  43.1029  43.1029  1.23552  22.1903  21.8776
0008  8  0.1  160001  41.6255  41.6255  1.25978  22.2452  21.8804
0009  9  0.1  160001  39.8324  39.8324  1.28874  22.3383  21.9192
0010  10  0.1  160001  38.1479  38.1479  1.31448  22.3928  21.8954
0011  11  0.1  160001  36.5198  36.5198  1.34003  22.4497  21.8747
0012  12  0.1  160001  34.7224  34.7224  1.36909  22.5376  21.8913
0013  13  0.1  160001  32.9102  32.9102  1.39914  22.6228  21.8903
0014  14  0.1  160001  31.1728  31.1728  1.42622  22.7392  21.9066
0015  15  0.1  160001  29.2741  29.2741  1.45701  22.8199  21.8956
0016  16  0.1  160001  27.4753  27.4753  1.48735  22.9633  21.9235
0017  17  0.1  160000  25.6855  25.6855  1.51529  23.0667  21.9078
0018  18  0.1  160001  23.7948  23.7948  1.54656  23.1888  21.9053
0019  19  0.1  160001  21.9818  21.9818  1.57875  23.3005  21.9099
0020  20  0.1  160001  20.0734  20.0734  1.60931  23.4961  21.9126
0021  21  0.1  160000  18.2776  18.2776  1.64201  23.6377  21.9252
0022  22  0.1  160001  16.6433  16.6433  1.6764  23.7872  21.9499
0023  23  0.1  160000  15.0704  15.0704  1.71011  23.9757  21.9638
0024  24  0.1  160001  13.5822  13.5822  1.73995  24.1661  21.9328
0025  25  0.1  160000  12.1276  12.1276  1.77908  24.3889  21.9829
0026  26  0.1  160001  11.0128  11.0128  1.81279  24.5913  21.9915
0027  27  0.1  160001  10.1322  10.1322  1.8501  24.8402  21.9964
0028  28  0.1  160001  9.76802  9.76802  1.88697  25.0646  21.9957
0029  29  0.1  160001  9.7267  9.7267  1.92586  25.3135  22.0065
0030  30  0.1  160000  10.3156  10.3156  1.96465  25.5879  22.0264
0031  31  0.1  160001  11.4632  11.4632  2.00431  25.861  22.0238
0032  32  0.1  160001  12.7138  12.7138  2.04539  26.1956  22.075
0033  33  0.1  160001  13.6019  13.6019  2.08894  26.4831  22.0796
0034  34  0.1  160001  14.2523  14.2523  2.13412  26.7793  22.0777
0035  35  0.1  160000  14.7207  14.7207  2.17847  27.1812  22.1319
0036  36  0.1  160001  15.0385  15.0385  2.22265  27.5213  22.149
0037  37  0.1  160001  15.1249  15.1249  2.27148  27.8921  22.147
0038  38  0.1  160001  15.1391  15.1391  2.32158  28.3182  22.1814
0039  39  0.1  160000  15.1008  15.1008  2.37063  28.7125  22.1691
0040  40  0.1  160000  15.0555  15.0555  2.42505  29.1863  22.2103
0041  41  0.1  160000  14.8688  14.8688  2.47883  29.6802  22.2559
0042  42  0.1  160001  14.5454  14.5454  2.53291  30.1417  22.2625
0043  43  0.1  160000  14.3113  14.3113  2.59157  30.7169  22.3132
0044  44  0.1  160000  13.9834  13.9834  2.64951  31.2462  22.3304
0045  45  0.1  160001  14.0044  14.0044  2.71265  31.7738  22.327
0046  46  0.1  160001  13.8499  13.8499  2.77529  32.4019  22.376
0047  47  0.1  160000  13.9342  13.9342  2.84274  33.0843  22.4053
0048  48  0.1  160001  14.1856  14.1856  2.91366  33.7601  22.4414
0049  49  0.1  160001  14.7072  14.7072  2.98238  34.51  22.4829
0050  50  0.1  160001  15.6614  15.6614  3.05861  35.2525  22.5099
0051  51  0.1  160001  16.3495  16.3495  3.13629  36.0507  22.539
0052  52  0.1  160001  16.9688  16.9688  3.21892  36.9475  22.5832
0053  53  0.1  160001  17.1499  17.1499  3.30872  37.8349  22.6198
0054  54  0.1  160001  17.3645  17.3645  3.39662  38.7749  22.643
0055  55  0.1  160001  17.4899  17.4899  3.49403  39.8394  22.7066
0056  56  0.1  160000  17.794  17.794  3.59356  40.9657  22.7518
0057  57  0.1  160001  17.8503  17.8503  3.7005  42.1237  22.7866
0058  58  0.1  160001  17.8248  17.8248  3.81353  43.4162  22.8451
0059  59  0.1  160001  18.2714  18.2714  3.93133  44.7886  22.8892
0060  60  0.1  160001  19.2776  19.2776  4.05983  46.2435  22.9287
0061  61  0.1  160001  20.1126  20.1126  4.19776  47.8214  22.9994
0062  62  0.1  160001  20.6737  20.6737  4.33768  49.4591  23.0359
0063  63  0.1  160001  21.1347  21.1347  4.49577  51.2881  23.0988
0064  64  0.1  160001  21.3879  21.3879  4.66005  53.3514  23.1733
0065  65  0.1  160001  21.824  21.824  4.84106  55.3642  23.2119
0066  66  0.1  160001  22.6387  22.6387  5.0328  57.8214  23.2754
0067  67  0.1  160001  23.7118  23.7118  5.24352  60.2406  23.3254
0068  68  0.1  160001  24.3569  24.3569  5.4691  63.0261  23.3952
0069  69  0.1  160001  24.9998  24.9998  5.7164  66.1806  23.4671
0070  70  0.1  160001  25.6865  25.6865  5.99001  69.5833  23.5458
0071  71  0.1  160001  27.2958  27.2958  6.28914  73.3195  23.6128
0072  72  0.1  160001  28.2062  28.2062  6.62249  77.6046  23.7092
0073  73  0.1  160001  29.5371  29.5371  6.99357  82.2136  23.7863
0074  74  0.1  160000  30.7565  30.7565  7.40728  87.5528  23.8639
0075  75  0.1  160001  32.4679  32.4679  7.88085  93.6012  23.9657
0076  76  0.1  160000  34.3018  34.3018  8.41675  100.719  24.0784
0077  77  0.1  160000  35.8856  35.8856  9.0339  108.725  24.1418
0078  78  0.1  160001  38.2628  38.2628  9.75455  -958.074  24.2952
0079  79  0.1  160000  41.0455  41.0455  10.6023  129.423  24.3985
0080  80  0.1  160000  44.5398  44.5398  11.619  143.272  24.5509
0081  81  0.1  159998  48.3699  48.3699  12.8575  160.166  25.2102
0082  82  0.1  116372  52.4648  52.4648  14.4039  180.817  -107.23
0083  83  0.1  122787  58.9657  58.9657  16.3921  207.887  26.3051
0084  84  0.1  104406  66.6375  66.6375  19.0386  242.25  25.3811
0085  85  0.1  76620  76.2963  76.2963  22.7384  293.266  25.5818
